Feature : LikelyHood Ratio 
mrs : 12.0763162223
bene : 11.4051377309
countess : 10.9284442091
jaques : 10.7209638156
anne : 10.5955109529
dumain : 10.557568068
theseus : 10.3512650531
kate : 10.3289145667
diana : 10.2831472065
puck : 10.0840106141
sebastian : 10.0016269572
thisby : 9.82124310216
mariana : 9.78885801527
william : 9.61503854449
pistol : 9.61503854449
padua : 9.57761244985
senior : 9.49971525559
nathaniel : 9.45913044036
pedant : 9.45913044036
corin : 9.41737079436
